// MilkShape 3D ASCII

Frames: 30
Frame: 1

Meshes: 1
"Plane01" 0 0
66
1 -76.773041 17.617085 58.189560 0.000000 0.000000 -1
1 -76.773041 -21.306309 58.189560 0.000000 1.000000 -1
1 -72.912277 17.617085 61.865311 0.031250 0.000000 -1
1 -72.912277 -21.306309 61.865311 0.031250 1.000000 -1
1 -68.875809 17.617085 65.347206 0.062500 0.000000 -1
1 -68.875809 -21.306309 65.347206 0.062500 1.000000 -1
1 -64.673347 17.617085 68.626831 0.093750 0.000000 -1
1 -64.673347 -21.306309 68.626831 0.093750 1.000000 -1
1 -60.315029 17.617085 71.696312 0.125000 0.000000 -1
1 -60.315029 -21.306309 71.696312 0.125000 1.000000 -1
1 -55.811348 17.617085 74.548233 0.156250 0.000000 -1
1 -55.811348 -21.306309 74.548233 0.156250 1.000000 -1
1 -51.173157 17.617085 77.175735 0.187500 0.000000 -1
1 -51.173157 -21.306309 77.175735 0.187500 1.000000 -1
1 -46.411625 17.617085 79.572495 0.218750 0.000000 -1
1 -46.411625 -21.306309 79.572495 0.218750 1.000000 -1
1 -41.538223 17.617085 81.732727 0.250000 0.000000 -1
1 -41.538223 -21.306309 81.732727 0.250000 1.000000 -1
1 -36.564693 17.617085 83.651230 0.281250 0.000000 -1
1 -36.564693 -21.306309 83.651230 0.281250 1.000000 -1
1 -31.503019 17.617085 85.323380 0.312500 0.000000 -1
1 -31.503019 -21.306309 85.323380 0.312500 1.000000 -1
1 -26.365393 17.617085 86.745163 0.343750 0.000000 -1
1 -26.365393 -21.306309 86.745163 0.343750 1.000000 -1
1 -21.164192 17.617085 87.913132 0.375000 0.000000 -1
1 -21.164192 -21.306309 87.913132 0.375000 1.000000 -1
1 -15.911946 17.617085 88.824478 0.406250 0.000000 -1
1 -15.911946 -21.306309 88.824478 0.406250 1.000000 -1
1 -10.621308 17.617085 89.477020 0.437500 0.000000 -1
1 -10.621308 -21.306309 89.477020 0.437500 1.000000 -1
1 -5.305025 17.617085 89.869179 0.468750 0.000000 -1
1 -5.305025 -21.306309 89.869179 0.468750 1.000000 -1
1 0.024097 17.617085 90.000000 0.500000 0.000000 -1
1 0.024097 -21.306309 90.000000 0.500000 1.000000 -1
1 5.353219 17.617085 89.869179 0.531250 0.000000 -1
1 5.353219 -21.306309 89.869179 0.531250 1.000000 -1
1 10.669502 17.617085 89.477020 0.562500 0.000000 -1
1 10.669502 -21.306309 89.477020 0.562500 1.000000 -1
1 15.960140 17.617085 88.824486 0.593750 0.000000 -1
1 15.960140 -21.306309 88.824486 0.593750 1.000000 -1
1 21.212387 17.617085 87.913139 0.625000 0.000000 -1
1 21.212387 -21.306309 87.913139 0.625000 1.000000 -1
1 26.413589 17.617085 86.745178 0.656250 0.000000 -1
1 26.413589 -21.306309 86.745178 0.656250 1.000000 -1
1 31.551218 17.617085 85.323402 0.687500 0.000000 -1
1 31.551218 -21.306309 85.323402 0.687500 1.000000 -1
1 36.612896 17.617085 83.651245 0.718750 0.000000 -1
1 36.612896 -21.306309 83.651245 0.718750 1.000000 -1
1 41.586426 17.617085 81.732742 0.750000 0.000000 -1
1 41.586426 -21.306309 81.732742 0.750000 1.000000 -1
1 46.459827 17.617085 79.572517 0.781250 0.000000 -1
1 46.459827 -21.306309 79.572517 0.781250 1.000000 -1
1 51.221363 17.617085 77.175766 0.812500 0.000000 -1
1 51.221363 -21.306309 77.175766 0.812500 1.000000 -1
1 55.859558 17.617085 74.548264 0.843750 0.000000 -1
1 55.859558 -21.306309 74.548264 0.843750 1.000000 -1
1 60.363239 17.617085 71.696335 0.875000 0.000000 -1
1 60.363239 -21.306309 71.696335 0.875000 1.000000 -1
1 64.721565 17.617085 68.626862 0.906250 0.000000 -1
1 64.721565 -21.306309 68.626862 0.906250 1.000000 -1
1 68.924019 17.617085 65.347229 0.937500 0.000000 -1
1 68.924019 -21.306309 65.347229 0.937500 1.000000 -1
1 72.960495 17.617085 61.865341 0.968750 0.000000 -1
1 72.960495 -21.306309 61.865341 0.968750 1.000000 -1
1 76.821259 17.617085 58.189598 1.000000 0.000000 -1
1 76.821259 -21.306309 58.189598 1.000000 1.000000 -1
64
-0.689540 0.000000 0.724247
-0.677600 0.000000 0.735431
-0.665474 0.000000 0.746421
-0.640698 0.000000 0.767793
-0.628047 0.000000 0.778176
-0.602251 0.000000 0.798307
-0.589107 0.000000 0.808055
-0.562356 0.000000 0.826895
-0.548748 0.000000 0.835988
-0.521104 0.000000 0.853493
-0.507067 0.000000 0.861907
-0.478598 0.000000 0.878034
-0.464165 0.000000 0.885749
-0.434938 0.000000 0.900460
-0.420144 0.000000 0.907457
-0.390231 0.000000 0.920717
-0.375111 0.000000 0.926980
-0.344583 0.000000 0.938756
-0.329174 0.000000 0.944269
-0.298106 0.000000 0.954533
-0.282446 0.000000 0.959283
-0.250911 0.000000 0.968010
-0.235035 0.000000 0.971987
-0.203109 0.000000 0.979156
-0.187058 0.000000 0.982349
-0.154819 0.000000 0.987943
-0.138632 0.000000 0.990344
-0.106158 0.000000 0.994349
-0.089872 0.000000 0.995953
-0.057239 0.000000 0.998360
-0.040893 0.000000 0.999164
-0.008183 0.000000 0.999967
0.008183 0.000000 0.999967
0.040893 0.000000 0.999164
0.057239 0.000000 0.998360
0.089871 0.000000 0.995953
0.106157 0.000000 0.994349
0.138631 0.000000 0.990344
0.154819 0.000000 0.987943
0.187057 0.000000 0.982349
0.203108 0.000000 0.979156
0.235034 0.000000 0.971987
0.250909 0.000000 0.968011
0.282445 0.000000 0.959283
0.298106 0.000000 0.954533
0.329175 0.000000 0.944269
0.344583 0.000000 0.938756
0.375111 0.000000 0.926980
0.390230 0.000000 0.920717
0.420143 0.000000 0.907458
0.434937 0.000000 0.900461
0.464164 0.000000 0.885749
0.478597 0.000000 0.878035
0.507067 0.000000 0.861907
0.521104 0.000000 0.853493
0.548748 0.000000 0.835988
0.562355 0.000000 0.826896
0.589107 0.000000 0.808055
0.602252 0.000000 0.798306
0.628047 0.000000 0.778175
0.640697 0.000000 0.767793
0.665473 0.000000 0.746422
0.677599 0.000000 0.735432
0.689540 0.000000 0.724248
64
1 0 1 2 0 0 1 1
1 3 2 1 2 1 0 1
1 2 3 4 1 2 3 1
1 5 4 3 4 3 2 1
1 4 5 6 3 4 5 1
1 7 6 5 6 5 4 1
1 6 7 8 5 6 7 1
1 9 8 7 8 7 6 1
1 8 9 10 7 8 9 1
1 11 10 9 10 9 8 1
1 10 11 12 9 10 11 1
1 13 12 11 12 11 10 1
1 12 13 14 11 12 13 1
1 15 14 13 14 13 12 1
1 14 15 16 13 14 15 1
1 17 16 15 16 15 14 1
1 16 17 18 15 16 17 1
1 19 18 17 18 17 16 1
1 18 19 20 17 18 19 1
1 21 20 19 20 19 18 1
1 20 21 22 19 20 21 1
1 23 22 21 22 21 20 1
1 22 23 24 21 22 23 1
1 25 24 23 24 23 22 1
1 24 25 26 23 24 25 1
1 27 26 25 26 25 24 1
1 26 27 28 25 26 27 1
1 29 28 27 28 27 26 1
1 28 29 30 27 28 29 1
1 31 30 29 30 29 28 1
1 30 31 32 29 30 31 1
1 33 32 31 32 31 30 1
1 32 33 34 31 32 33 1
1 35 34 33 34 33 32 1
1 34 35 36 33 34 35 1
1 37 36 35 36 35 34 1
1 36 37 38 35 36 37 1
1 39 38 37 38 37 36 1
1 38 39 40 37 38 39 1
1 41 40 39 40 39 38 1
1 40 41 42 39 40 41 1
1 43 42 41 42 41 40 1
1 42 43 44 41 42 43 1
1 45 44 43 44 43 42 1
1 44 45 46 43 44 45 1
1 47 46 45 46 45 44 1
1 46 47 48 45 46 47 1
1 49 48 47 48 47 46 1
1 48 49 50 47 48 49 1
1 51 50 49 50 49 48 1
1 50 51 52 49 50 51 1
1 53 52 51 52 51 50 1
1 52 53 54 51 52 53 1
1 55 54 53 54 53 52 1
1 54 55 56 53 54 55 1
1 57 56 55 56 55 54 1
1 56 57 58 55 56 57 1
1 59 58 57 58 57 56 1
1 58 59 60 57 58 59 1
1 61 60 59 60 59 58 1
1 60 61 62 59 60 61 1
1 63 62 61 62 61 60 1
1 62 63 64 61 62 63 1
1 65 64 63 63 63 62 1

Materials: 1
"1 - Default"
0.588235 0.588235 0.588235 1.000000
0.588235 0.588235 0.588235 1.000000
0.898039 0.898039 0.898039 1.000000
0.000000 0.000000 0.000000 1.000000
0.100000
1.000000
".\woosh.png"
""

Bones: 0
